%YAML:1.0
dropoint:
 - {x:4.45, y:1.30, z:1.0}

